image: map_8floor_closedLRMdoor.pgm
resolution: 0.103400
origin: [-15.199800, -28.435000, 0.000000]
negate: 0
occupied_thresh: 0.65
free_thresh: 0.196

