image: map_8floor.pgm
resolution: 0.050000
origin: [-11.200000, -25.600000, 0.000000]
negate: 0
occupied_thresh: 0.65
free_thresh: 0.196

